11
141
669
808
814
845
848
897
927
1053
1055
1079
1126
1231
1290
1322
1346
1396
1398
1403
1542
1917
1921
1957
2233
2239
2262
2269
2271
2571
2572
2573
2574
2575
2577
2579
2590
2614
2645
2653
2666
2699
2718
2722
2732
2748
2771
2811
2813
2821
2829
2909
3839
3840
4525
4706
4740
4837
4865
4935
4976
5197
5349
5350
5354
5355
5396
5409
5426
5499
5504
5552
5658
5744
5760
5770
5790
5953
6000
6018
7552
7623
7700
7898
8039
8101
8285
8290
8319
8337
8377
8383
8423
8499
8505
8516
8669
8760
9063
9166
9244
9364
9506
9600
9604
9628
9855
9865
9964
9966
9977
10007
10013
10019
10045
10047
10111
10125
10139
10143
10243
10617
10625
10934
10962
11033
11050
11224
11302
11312
11397
11429
11433
11434
11439
